4294967278,42
4294967278,41
4294967294,423
4294967278,344
4294967278,47
4294967278,46
4294967278,45
4294967278,44
4294967278,43
4294967279,51
4294967279,49
4294967279,47
4294967279,45
4294967279,44
4294967279,43
4294967279,40
4294967279,35
4294967279,34
4294967279,30
4294967279,28
4294967279,27
4294967279,25
4294967279,23
4294967279,22
4294967279,21
4294967279,19
4294967279,18
4294967279,17
4294967279,15
4294967279,13
4294967279,12
4294967278,343
4294967294,30
4294967294,61
4294967294,470
4294967279,514
4294967278,342
4294967294,51
4294967294,52
4294967294,12
4294967294,92
4294967294,88
4294967294,82
4294967294,1414
4294967294,83
4294967294,11
4294967278,132
4294967278,131
4294967278,130
4294967278,129
4294967278,128
4294967278,127
4294967278,126
4294967278,125
4294967278,124
4294967278,123
4294967278,121
4294967278,120
4294967278,119
4294967278,118
4294967278,117
4294967278,116
4294967278,115
4294967278,114
4294967278,113
4294967278,112
4294967278,111
4294967278,110
4294967278,109
4294967278,108
4294967278,107
4294967278,106
4294967278,105
4294967278,104
4294967278,103
4294967278,101
4294967278,100
4294967278,98
4294967278,95
4294967278,93
4294967278,92
4294967278,91
4294967278,90
4294967278,89
4294967278,87
4294967278,86
4294967278,85
4294967278,83
4294967278,82
4294967278,81
4294967278,80
4294967278,78
4294967278,77
4294967278,74
4294967278,73
4294967278,72
4294967278,71
4294967278,69
4294967278,68
4294967278,67
4294967278,66
4294967278,64
4294967278,62
4294967278,60
4294967278,59
4294967278,58
4294967278,57
4294967278,56
4294967278,54
4294967278,51
4294967278,50
4294967278,49
4294967278,48
4294967279,52
4294967279,50
4294967279,48
4294967279,46
4294967279,42
4294967279,39
4294967279,38
4294967279,37
4294967279,36
4294967279,287
4294967279,33
4294967279,32
4294967279,31
4294967279,29
4294967279,26
4294967279,24
4294967279,20
4294967279,16
4294967279,14
4294967279,11
4294967279,10
4294967279,9
4294967279,8
4294967279,7
4294967279,6
4294967279,5
4294967279,4
4294967278,122
4294967278,252
4294967279,531
4294967279,260
4294967294,5
4294967278,250
4294967278,248
4294967278,246
25,8
25,0
4294967278,244
4294967278,242
4294967278,240
4294967278,238
4294967278,237
25,7
25,6
4294967278,236
4294967278,234
4294967278,232
4294967278,230
4294967278,228
4294967278,226
4294967278,224
4294967278,222
4294967278,220
4294967278,218
4294967278,216
4294967278,102
4294967278,215
4294967278,213
4294967279,530
4294967278,341
4294967278,99
4294967294,128
4294967294,185
4294967294,436
4294967294,81
4294967294,50
4294967278,97
4294967278,317
4294967279,529
4294967278,208
4294967278,340
4294967278,96
4294967279,528
4294967278,207
4294967294,37
4294967294,1419
4294967294,1418
4294967294,1417
4294967278,206
4294967278,339
4294967278,260
4294967278,0
4294967278,94
4294967294,89
4294967278,205
4294967294,7
4294967278,203
25,5
4294967278,202
25,4
25,3
25,2
25,1
4294967279,527
4294967278,201
4294967294,40
4294967278,199
4294967278,198
4294967278,338
4294967278,84
4294967294,9
4294967278,197
4294967278,196
4294967278,195
23,4
23,3
23,2
23,1
4294967278,194
4294967278,193
4294967294,388
4294967278,192
4294967278,337
4294967278,79
4294967279,526
4294967279,525
4294967278,191
22,6
4294967294,471
4294967278,188
4294967278,76
4294967278,311
4294967278,336
4294967278,75
22,5
4294967278,187
4294967278,186
22,4
22,3
22,2
22,1
4294967279,524
4294967278,185
4294967294,1415
4294967278,184
4294967294,1
4294967278,183
4294967278,335
4294967278,70
4294967279,523
4294967278,182
21,5
4294967278,180
21,4
4294967278,179
21,3
21,2
21,1
4294967278,334
4294967278,65
4294967278,178
4294967294,393
4294967294,46
4294967278,333
4294967278,63
4294967279,522
4294967278,61
4294967278,306
4294967278,172
4294967278,171
4294967278,170
20,4
20,3
20,2
20,1
4294967278,169
4294967278,55
4294967278,300
4294967278,164
4294967278,332
4294967278,53
4294967278,331
4294967278,52
19,5
4294967278,163
4294967278,162
19,4
4294967279,162
19,3
19,2
19,1
4294967279,521
4294967279,0
4294967279,159
4294967278,330
